     time/ms     Ampl/pA
     -1.3250      0.0075
     -1.3000      0.0105
     -1.2750      0.0090
     -1.2500      0.0044
     -1.2250      0.0014
     -1.2000      0.0044
     -1.1750     -0.0017
     -1.1500     -0.0002
     -1.1250     -0.0154
     -1.1000     -0.0200
     -1.0750      0.0731
     -1.0500      0.3279
     -1.0250      0.6804
     -1.0000      1.0313
     -0.9750      1.3655
     -0.9500      1.6692
     -0.9250      1.9606
     -0.9000      2.2276
     -0.8750      2.4962
     -0.8500      2.7586
     -0.8250      3.0135
     -0.8000      3.2576
     -0.7750      3.5109
     -0.7500      3.7489
     -0.7250      3.9824
     -0.7000      4.2113
     -0.6750      4.4402
     -0.6500      4.6675
     -0.6250      4.8979
     -0.6000      5.1237
     -0.5750      5.3465
     -0.5500      5.5663
     -0.5250      5.7799
     -0.5000      6.0072
     -0.4750      6.2361
     -0.4500      6.4589
     -0.4250      6.6969
     -0.4000      6.9395
     -0.3750      7.1959
     -0.3500      7.4660
     -0.3250      7.7666
     -0.3000      8.1145
     -0.2750      8.5295
     -0.2500      9.0529
     -0.2250      9.7304
     -0.2000     10.6810
     -0.1750     12.2649
     -0.1500     14.9702
     -0.1250     18.7407
     -0.1000     22.5401
     -0.0750     25.3523
     -0.0500     27.0094
     -0.0250     27.7937
      0.0000     28.0440
      0.0250     27.9845
      0.0500     27.7251
      0.0750     27.3100
      0.1000     26.7592
      0.1250     26.0985
      0.1500     25.3523
      0.1750     24.5390
      0.2000     23.7227
      0.2250     22.9033
      0.2500     22.1037
      0.2750     21.3271
      0.3000     20.5870
      0.3250     19.8607
      0.3500     19.1756
      0.3750     18.4981
      0.4000     17.8297
          1.3750      0.3920
      1.4000      0.3157
      1.4250      0.2440
      1.4500      0.1784
      1.4750      0.1143
      1.5000      0.0594
      1.5250      0.0044
      1.5500     -0.0398
      1.5750     -0.0993
      1.6000     -0.1421
      1.6250     -0.1848
      1.6500     -0.2199
      1.6750     -0.2580
      1.7000     -0.2840
      1.7250     -0.3053
      1.7500     -0.3343
      1.7750     -0.3542
      1.8000     -0.3770
      1.8250     -0.3984
      1.8500     -0.4182
      1.8750     -0.4366
      1.9000     -0.4564
      1.9250     -0.4671
      1.9500     -0.4839
      1.9750     -0.5006
      2.0000     -0.5159
      2.0250     -0.5296
      2.0500     -0.5327
      2.0750     -0.5373
      2.1000     -0.5388
      2.1250     -0.5479
      2.1500     -0.5525
      2.1750     -0.5525
      2.2000     -0.5464
      2.2250     -0.5434
      2.2500     -0.5403
      2.2750     -0.5434
      2.3000     -0.5464
      2.3250     -0.5571
      2.3500     -0.5479
      2.3750     -0.5418
      2.4000     -0.5357
      2.4250     -0.5266
      2.4500     -0.5266
      2.4750     -0.5327
      2.5000     -0.5296
      2.5250     -0.5266
      2.5500     -0.5205
      2.5750     -0.5190
      2.6000     -0.5083
      2.6250     -0.5037
      2.6500     -0.5006
      2.6750     -0.4869
      2.7000     -0.4823
      2.7250     -0.4808
      2.7500     -0.4701
      2.7750     -0.4625
      2.8000     -0.4640
      2.8250     -0.4610
      2.8500     -0.4579
      2.8750     -0.4579
      2.9000     -0.4472
      2.9250     -0.4442
      2.9500     -0.4350
      2.9750     -0.4259
      3.0000     -0.4167
      3.0250     -0.4091
      3.0500     -0.4015
      3.0750     -0.3984
      3.1000     -0.3969
      3.1250     -0.3938
      3.1500     -0.3862
      3.1750     -0.3847
      3.2000     -0.3740
      3.2250     -0.3740
      3.2500     -0.3755
      3.2750     -0.3633
      3.3000     -0.3572
      3.3250     -0.3450
      3.3500     -0.3389
      3.3750     -0.3435
      3.4000     -0.3358
      3.4250     -0.3297
      3.4500     -0.3267
      3.4750     -0.3175
      3.5000     -0.3114
      3.5250     -0.3023
      3.5500     -0.2992
      3.5750     -0.2946
      3.6000     -0.2946
      3.6250     -0.2931
      3.6500     -0.2885
