// ApWv1Col.001  smpInt=100us Time=-1.3ms...3.6ms 
     -0.0117
     -0.0163
     -0.0102
      0.7619
      2.0238
      3.0675
      4.0410
      4.9535
      5.8568
      6.8059
      7.9061
      9.6288
     18.8253
     28.8030
     24.6755
     16.7226
      9.9309
      4.6193
      1.4028
     -0.3352
     -1.2690
     -1.8199
     -2.1434
     -2.3371
     -2.4485
     -2.5096
     -2.5477
     -2.5599
     -2.5340
     -2.5080
     -2.4928
     -2.4577
     -2.4317
     -2.3707
     -2.3280
     -2.2807
     -2.2532
     -2.2013
     -2.1662
     -2.1342
     -2.0808
     -2.0426
     -1.9969
     -1.9633
     -1.9053
     -1.8717
    -1.8092
     -1.7649
   -1.7207
    -1.6871
