 // ApWv1Col.025  smpInt=100us Time=-1.3ms...3.6ms 
       0.0006
      -0.0070
      -0.0039
       0.8841
       2.0972
       3.1409
       4.1068
       5.0315
       5.9378
       6.9159
       8.1916
      10.6604
      23.3267
      28.4827
      25.4035
      20.0064
      15.0672
      10.5643
       6.3895
       3.3850
       1.5113
       0.3256
      -0.4785
      -1.0034
      -1.3437
      -1.5939
      -1.7495
      -1.8518
      -1.9220
      -1.9632
      -1.9510
      -1.9433
      -1.9052
      -1.8930
      -1.8655
      -1.8243
      -1.7831
      -1.7511
      -1.7267
      -1.6885
      -1.6565
      -1.6076
      -1.5863
      -1.5634
      -1.5298
      -1.4825
      -1.4413
      -1.4047
      -1.3864
      -1.3299
